Starting Dynare (version 5.4).
Calling Dynare with arguments: none
Starting preprocessing of the model file ...
Found 12 equation(s).
Evaluating expressions...done
Computing static model derivatives (order 1).
Computing dynamic model derivatives (order 1).
Processing outputs ...
done
Preprocessing completed.


STEADY-STATE RESULTS:

PI    		 0
R     		 0.0100503
V     		 0
A     		 0
Y     		 -0.151624
C     		 -0.197086
N     		 0.0122454
MC    		 -0.117783
W     		 -0.332946
Rreal 		 0.0100503
EN    		 -3.26514
PE    		 0

EIGENVALUES:
         Modulus             Real        Imaginary

             0.5              0.5                0
             0.5              0.5                0
             0.9              0.9                0
           1.196            1.145            0.345
           1.196            1.145           -0.345
       3.436e+17       -3.436e+17                0


There are 3 eigenvalue(s) larger than 1 in modulus 
for 3 forward-looking variable(s)

The rank condition is verified.


MODEL SUMMARY

  Number of variables:         12
  Number of stochastic shocks: 3
  Number of state variables:   3
  Number of jumpers:           3
  Number of static variables:  6


MATRIX OF COVARIANCE OF EXOGENOUS SHOCKS
Variables          ev        ea       epe
ev           1.000000  0.000000  0.000000
ea           0.000000  1.000000  0.000000
epe          0.000000  0.000000  1.000000

POLICY AND TRANSITION FUNCTIONS
                                  PI               R               V               A               Y               C               N              MC               W              EN              PE
Constant                           0        0.010050               0               0       -0.151624       -0.197086        0.012245       -0.117783       -0.332946       -3.265139               0
V(-1)                      -0.261718        0.107423        0.500000               0       -0.309902       -0.238282       -0.228859       -1.539815       -1.620858       -1.849717               0
A(-1)                      -0.254036       -0.381054               0        0.900000        0.747104        0.762108       -0.183286       -0.322601        0.607788        0.424502               0
PE(-1)                      0.011807        0.017710               0               0       -0.008576       -0.011807        0.014084        0.069465        0.046806       -0.439111        0.500000
ev                         -0.523436        0.214847        1.000000               0       -0.619803       -0.476564       -0.457717       -3.079630       -3.241716       -3.699433               0
ea                         -0.282262       -0.423394               0        1.000000        0.830115        0.846787       -0.203651       -0.358446        0.675320        0.471669               0
epe                         0.023614        0.035420               0               0       -0.017152       -0.023614        0.028168        0.138931        0.093611       -0.878221        1.000000


THEORETICAL MOMENTS
VARIABLE         MEAN  STD. DEV.   VARIANCE
PI             0.0000     0.8862     0.7854
R              0.0101     1.0033     1.0067
V              0.0000     1.1547     1.3333
A              0.0000     2.2942     5.2632
Y             -0.1516     2.0346     4.1394
C             -0.1971     2.0193     4.0775
N              0.0122     0.7062     0.4987
MC            -0.1178     3.6534    13.3475
W             -0.3329     4.0526    16.4236
EN            -3.2651     4.5218    20.4470
PE             0.0000     1.1547     1.3333



VARIANCE DECOMPOSITION (in percent)
          ev      ea     epe
PI     46.51   53.39    0.09
R       6.11   93.72    0.17
V     100.00    0.00    0.00
A       0.00  100.00    0.00
Y      12.37   87.62    0.01
C       7.43   92.56    0.02
N      56.02   43.77    0.21
MC     94.74    5.07    0.19
W      85.31   14.61    0.07
EN     89.24    5.73    5.03
PE      0.00    0.00  100.00



MATRIX OF CORRELATIONS
Variables         PI        R        V        A        Y        C        N       MC        W       EN       PE
PI            1.0000   0.5400  -0.6820  -0.7307  -0.4443  -0.5175   0.9953   0.8297   0.3514   0.4625   0.0308
R             0.5400   1.0000   0.2473  -0.9681  -0.9935  -0.9993   0.4573  -0.0210  -0.5974  -0.4744   0.0408
V            -0.6820   0.2473   1.0000   0.0000  -0.3518  -0.2725  -0.7484  -0.9733  -0.9237  -0.9447   0.0000
A            -0.7307  -0.9681   0.0000   1.0000   0.9360   0.9621  -0.6616  -0.2251   0.3823   0.2393   0.0000
Y            -0.4443  -0.9935  -0.3518   0.9360   1.0000   0.9965  -0.3565   0.1313   0.6825   0.5585  -0.0097
C            -0.5175  -0.9993  -0.2725   0.9621   0.9965   1.0000  -0.4332   0.0481   0.6191   0.4907  -0.0135
N             0.9953   0.4573  -0.7484  -0.6616  -0.3565  -0.4332   1.0000   0.8794   0.4396   0.5384   0.0461
MC            0.8297  -0.0210  -0.9733  -0.2251   0.1313   0.0481   0.8794   1.0000   0.8142   0.8558   0.0439
W             0.3514  -0.5974  -0.9237   0.3823   0.6825   0.6191   0.4396   0.8142   1.0000   0.9581   0.0267
EN            0.4625  -0.4744  -0.9447   0.2393   0.5585   0.4907   0.5384   0.8558   0.9581   1.0000  -0.2243
PE            0.0308   0.0408   0.0000   0.0000  -0.0097  -0.0135   0.0461   0.0439   0.0267  -0.2243   1.0000



COEFFICIENTS OF AUTOCORRELATION
Order          1       2       3       4       5
PI        0.7136  0.5490  0.4475  0.3794  0.3298
R         0.8749  0.7748  0.6911  0.6188  0.5554
V         0.5000  0.2500  0.1250  0.0625  0.0312
A         0.9000  0.8100  0.7290  0.6561  0.5905
Y         0.8505  0.7407  0.6542  0.5826  0.5212
C         0.8702  0.7683  0.6840  0.6119  0.5489
N         0.6751  0.4951  0.3894  0.3223  0.2760
MC        0.5203  0.2784  0.1556  0.0926  0.0596
W         0.5585  0.3318  0.2133  0.1493  0.1130
EN        0.5229  0.2821  0.1596  0.0965  0.0633
PE        0.5000  0.2500  0.1250  0.0625  0.0312
Total computing time : 0h00m10s
