Starting Dynare (version 5.4).
Calling Dynare with arguments: none
Starting preprocessing of the model file ...
Found 16 equation(s).
Evaluating expressions...done
Computing static model derivatives (order 1).
Computing dynamic model derivatives (order 2).
Processing outputs ...
done
Preprocessing completed.

[Warning: Some of the parameters have no value (y_st, ybar_st, n_st, w_st, pi_st, gap_st, i_st, r_st, m_st,
deltam_st, v_st, a_st) when using steady. If these parameters are not initialized in a steadystate file or a
steady_state_model-block, Dynare may not be able to solve the model. Note that simul, perfect_foresight_setup, and
perfect_foresight_solver do not automatically call the steady state file.] 

STEADY-STATE RESULTS:

gap      		 0
pi       		 0
i        		 0
v        		 0
a        		 0
y        		 0
n        		 0
m        		 0
w        		 0
y_bar    		 0
r        		 0
deltam   		 0
y_over_n 		 0
i_ann    		 0
r_ann    		 0
pi_ann   		 0

EIGENVALUES:
         Modulus             Real        Imaginary

       2.169e-16       -2.169e-16                0
             0.5              0.5                0
             0.9              0.9                0
           1.182            1.154           0.2533
           1.182            1.154          -0.2533
             Inf              Inf                0


There are 3 eigenvalue(s) larger than 1 in modulus 
for 3 forward-looking variable(s)

The rank condition is verified.

[Warning: Some of the parameters have no value (y_st, ybar_st, n_st, w_st, pi_st, gap_st, i_st, r_st, m_st,
deltam_st, v_st, a_st) when using stoch_simul. If these parameters are not initialized in a steadystate file or a
steady_state_model-block, Dynare may not be able to solve the model. Note that simul, perfect_foresight_setup, and
perfect_foresight_solver do not automatically call the steady state file.] 

MODEL SUMMARY

  Number of variables:         16
  Number of stochastic shocks: 2
  Number of state variables:   3
  Number of jumpers:           3
  Number of static variables:  11


MATRIX OF COVARIANCE OF EXOGENOUS SHOCKS
Variables          ev        ea
ev           0.062500  0.000000
ea           0.000000  1.000000

POLICY AND TRANSITION FUNCTIONS
                                 gap          pi_ann           i_ann           r_ann               y               n               w               v               a        y_over_n
v(-1)                      -0.518170       -0.704575        0.684053        1.036340       -0.518170       -0.690894       -3.972638        0.500000               0        0.172723
a(-1)                      -0.076926       -0.484611       -0.765379       -0.329230        0.823074       -0.102568        0.310233               0        0.900000        0.925642
ev                         -1.036340       -1.409149        1.368106        2.072681       -1.036340       -1.381787       -7.945276        1.000000               0        0.345447
ea                         -0.085473       -0.538457       -0.850421       -0.365811        0.914527       -0.113965        0.344704               0        1.000000        1.028491


THEORETICAL MOMENTS
VARIABLE         MEAN  STD. DEV.   VARIANCE
gap            0.0000     0.3577     0.1280
pi_ann         0.0000     1.3006     1.6915
i_ann          0.0000     1.9906     3.9624
r_ann          0.0000     1.0307     1.0623
y              0.0000     2.1193     4.4914
n              0.0000     0.4769     0.2275
w              0.0000     2.4261     5.8860
v              0.0000     0.2887     0.0833
a              0.0000     2.2942     5.2632
y_over_n       0.0000     2.3616     5.5773



VARIANCE DECOMPOSITION (in percent)
                ev      ea
gap          69.95   30.05
pi_ann        9.78   90.22
i_ann         3.94   96.06
r_ann        33.70   66.30
y             1.99   98.01
n            69.95   30.05
w            89.38   10.62
v           100.00    0.00
a             0.00  100.00
y_over_n      0.18   99.82



MATRIX OF CORRELATIONS
Variables         gap    pi_ann     i_ann     r_ann         y         n         w         v         a  y_over_n
gap            1.0000    0.7823    0.3714   -0.0392   -0.4246    1.0000    0.6120   -0.8364   -0.5482   -0.5830
pi_ann         0.7823    1.0000    0.8689    0.5918   -0.8962    0.7823   -0.0139   -0.3128   -0.9498   -0.9622
i_ann          0.3714    0.8689    1.0000    0.9132   -0.9983    0.3714   -0.5070    0.1984   -0.9801   -0.9709
r_ann         -0.0392    0.5918    0.9132    1.0000   -0.8880   -0.0392   -0.8142    0.5805   -0.8142   -0.7890
y             -0.4246   -0.8962   -0.9983   -0.8880    1.0000   -0.4246    0.4561   -0.1412    0.9900    0.9831
n              1.0000    0.7823    0.3714   -0.0392   -0.4246    1.0000    0.6120   -0.8364   -0.5482   -0.5830
w              0.6120   -0.0139   -0.5070   -0.8142    0.4561    0.6120    1.0000   -0.9454    0.3260    0.2857
v             -0.8364   -0.3128    0.1984    0.5805   -0.1412   -0.8364   -0.9454    1.0000    0.0000    0.0422
a             -0.5482   -0.9498   -0.9801   -0.8142    0.9900   -0.5482    0.3260    0.0000    1.0000    0.9991
y_over_n      -0.5830   -0.9622   -0.9709   -0.7890    0.9831   -0.5830    0.2857    0.0422    0.9991    1.0000



COEFFICIENTS OF AUTOCORRELATION
Order            1       2       3       4       5
gap         0.6202  0.4183  0.3065  0.2409  0.1993
pi_ann      0.8609  0.7552  0.6699  0.5980  0.5358
i_ann       0.8843  0.7880  0.7052  0.6327  0.5685
r_ann       0.7652  0.6213  0.5254  0.4561  0.4020
y           0.8920  0.7988  0.7170  0.6443  0.5793
n           0.6202  0.4183  0.3065  0.2409  0.1993
w           0.5425  0.3095  0.1892  0.1256  0.0907
v           0.5000  0.2500  0.1250  0.0625  0.0313
a           0.9000  0.8100  0.7290  0.6561  0.5905
y_over_n    0.8993  0.8090  0.7279  0.6550  0.5895
Total computing time : 0h00m12s
Note: warning(s) encountered in MATLAB/Octave code
